5.154773 3
7.300098 3
9.357104 3
10.68312 3
11.22914 3
11.82743 3
12.92074 3
13.41806 3
13.99762 3
14.48406 3
15.04733 3
15.83093 3
17.20737 3
17.7037 3
18.36635 3
20.3876 3
21.69625 3
22.79442 3
24.2909 3
25.05243 3
26.79719 3
29.4399 3
30.71553 3
31.16283 3
31.69364 3
33.34963 3
35.93416 3
36.19368 3
36.50817 3
38.11517 3
39.14218 3
40.11961 3
41.5613 3
41.97534 3
42.29013 3
44.29572 3
44.90869 3
45.4558 3
45.93758 3
46.43391 3
47.41423 3
47.69586 3
47.94492 3
48.49107 3
49.46863 3
49.98208 3
50.49563 3
51.59741 3
52.32634 3
53.05527 3
54.57964 3
55.14267 3
55.59561 1
