2.871527 0
2.888224 0
2.904792 0
2.921213 0
2.937781 0
2.954348 0
2.971151 0
2.987479 0
3.004049 0
3.020626 0
5.025181 0
5.041748 0
5.058313 0
5.074882 0
5.091447 0
5.108014 0
5.124825 0
5.141294 0
5.157743 0
5.174302 0
5.191134 0
5.207415 0
5.223989 0
5.240547 0
5.257113 0
5.273685 0
5.290275 0
7.278461 0
7.295002 0
7.311613 0
7.327997 0
7.344563 0
7.361126 0
7.377745 0
7.394248 0
7.41121 0
7.427451 0
7.443996 0
7.460515 0
8.785846 0
8.802413 0
8.818982 0
8.835708 0
8.852165 0
8.868681 0
8.885274 0
8.901815 0
8.918383 0
8.934951 0
8.95152 0
8.968092 0
9.465167 0
9.48165 0
9.49841 0
9.51508 0
9.531631 0
9.548254 0
9.564481 0
9.581047 0
9.597614 0
9.614197 0
9.630809 0
9.746715 0
9.763282 0
9.779847 0
9.796414 0
9.812982 0
9.829548 0
9.846114 0
9.862688 0
9.879464 0
9.895859 0
9.912419 0
9.928947 0
10.29343 0
10.30998 0
10.32668 0
10.34313 0
10.3597 0
10.37625 0
10.39354 0
10.40938 0
10.42595 0
10.44259 0
10.45908 0
10.47565 0
10.49221 0
10.50878 0
10.52535 0
10.54208 0
10.77385 0
10.79041 0
10.8072 0
10.82394 0
10.84027 0
10.85701 0
10.87325 0
10.88981 0
10.90661 0
10.92308 0
10.93952 0
10.9567 0
11.00586 0
11.02235 0
11.03891 0
11.05548 0
11.07205 0
11.08867 0
11.10569 0
11.12175 0
11.13889 0
11.2552 0
11.27085 0
11.28756 0
11.30431 0
11.32101 0
11.33711 0
11.35368 0
11.37025 0
11.38682 0
11.40338 0
11.41995 0
11.66869 0
11.68501 0
11.70158 0
11.71838 0
11.73484 0
11.75129 0
11.76785 0
11.78442 0
11.8011 0
11.81781 0
11.83412 0
11.85068 0
