12.2905 2
12.30728 3
12.34011 1
13.00679 2
13.22253 3
13.87069 3
14.26829 3
14.66589 3
15.06413 3
15.44454 3
15.84257 3
16.2068 3
16.58764 3
16.98524 3
17.26694 2
17.43254 1
17.83427 3
18.19874 3
18.53009 3
18.78932 1
19.02084 2
19.32107 3
19.61942 3
19.88435 3
20.35246 3
20.76654 3
21.23056 3
21.64562 3
22.04356 3
22.42493 3
22.88846 3
23.26949 3
23.71679 3
23.98187 1
24.11042 2
24.45852 3
24.83998 3
25.08787 3
25.40262 2
25.56907 1
26.00188 3
26.27262 3
26.35545 2
26.40515 1
26.95215 3
27.32034 3
27.73466 3
28.13207 3
28.46346 3
28.87757 3
29.32488 3
29.70634 3
30.03724 1
30.28578 2
30.6504 3
31.0924 3
31.49 3
31.8876 3
32.18976 2
32.30573 1
32.72366 2
32.84296 1
33.41194 3
33.9169 3
34.38082 3
34.82761 3
35.19765 3
35.54562 3
36.02612 3
36.36603 3
36.86352 3
36.99594 1
37.22763 2
37.57537 3
37.97232 3
38.53553 2
38.56867 1
39.13193 2
39.28103 1
39.72843 3
40.16236 3
40.57652 3
40.95756 3
41.33859 3
41.75276 3
42.06752 3
42.46512 3
42.86272 3
43.32659 3
43.42617 2
43.45913 1
43.89036 3
44.31661 3
44.65669 3
44.98802 3
45.18692 1
45.38709 2
45.68462 3
46.05198 0
46.58873 3
47.11877 3
47.5313 3
47.91237 3
48.35169 3
48.73277 3
49.13033 3
49.57763 3
49.97523 2
50.09167 1
50.47227 3
50.85986 3
51.20728 3
51.47256 3
51.65466 1
51.83654 2
52.38344 1
52.54886 2
53.18243 3
53.61315 3
54.077 3
54.43488 3
54.86591 3
55.28084 3
55.7104 3
56.10799 3
56.34408 2
56.39406 1
56.95781 3
57.40024 3
57.74859 3
58.07943 3
58.27877 1
58.51075 2
58.81334 3
59.16886 0
59.7891 3
60.23668 3
60.65057 3
61.04623 3
61.4617 3
61.89244 3
62.29003 3
62.721 3
63.03553 3
63.30087 1
63.79102 3
64.2054 3
64.55331 3
64.78548 1
64.95107 2
65.48108 1
65.67983 2
66.02837 3
66.35245 0
66.74271 3
66.97502 0
67.16154 1
68.20302 1
68.35189 2
68.56732 1
69.15486 0
69.90611 3
70.20431 1
70.59232 0
71.17313 3
71.65384 3
72.15056 3
72.54825 3
